%YAML:1.0
---
type: IMU
name: A3
Gyr:
   unit: " rad/s"
   avg-axis:
      gyr_n: 1.2435957768589078e-03
      gyr_w: 2.9376836539403488e-05
   x-axis:
      gyr_n: 1.2108423868239621e-03
      gyr_w: 3.2997319605708180e-05
   y-axis:
      gyr_n: 1.5103578218528604e-03
      gyr_w: 2.6433339803794717e-05
   z-axis:
      gyr_n: 1.0095871218999007e-03
      gyr_w: 2.8699850208707572e-05
Acc:
   unit: " m/s^2"
   avg-axis:
      acc_n: 2.4743361619865029e-02
      acc_w: 1.0432278084411145e-03
   x-axis:
      acc_n: 2.5374552714592734e-02
      acc_w: 1.1547898915976276e-03
   y-axis:
      acc_n: 2.3160953414042937e-02
      acc_w: 1.1070194544344678e-03
   z-axis:
      acc_n: 2.5694578730959421e-02
      acc_w: 8.6787407929124775e-04
